{
 "cells": [
  {
   "cell_type": "code",
   "execution_count": 5,
   "metadata": {},
   "outputs": [],
   "source": [
    "import numpy as np\n",
    "import pandas as pd\n",
    "import matplotlib.pyplot as plt\n",
    "%matplotlib inline\n",
    "\n",
    "from sklearn import datasets\n",
    "from sklearn.datasets import fetch_openml\n",
    "from sklearn.model_selection import train_test_split\n",
    "from sklearn.preprocessing import LabelEncoder\n",
    "from sklearn.decomposition import PCA#主成分分析\n",
    "\n",
    "from scipy.stats import multivariate_normal\n",
    "from sklearn.mixture import GaussianMixture,BayesianGaussianMixture\n",
    "\n",
    "from collections import Counter\n",
    "import math"
   ]
  },
  {
   "cell_type": "markdown",
   "metadata": {},
   "source": [
    "我们谈到了用 k-means 进行聚类的方法，这次我们来说一下另一个很流行的算法：Gaussian Mixture Model (GMM)。事实上，GMM 和 k-means 很像，不过 GMM 是学习出一些概率密度函数来（所以 GMM 除了用在 clustering 上之外，还经常被用于 density estimation ），简单地说，k-means 的结果是每个数据点被 assign 到其中某一个 cluster 了，而 GMM 则给出这些数据点被 assign 到每个 cluster 的概率，又称作 soft assignment 。\n",
    "\n",
    "得出一个概率有很多好处，因为它的信息量比简单的一个结果要多，比如，我可以把这个概率转换为一个 score ，表示算法对自己得出的这个结果的把握。也许我可以对同一个任务，用多个方法得到结果，最后选取“把握”最大的那个结果；另一个很常见的方法是在诸如疾病诊断之类的场所，机器对于那些很容易分辨的情况（患病或者不患病的概率很高）可以自动区分，而对于那种很难分辨的情况，比如，49% 的概率患病，51% 的概率正常，如果仅仅简单地使用 50% 的阈值将患者诊断为“正常”的话，风险是非常大的，因此，在机器对自己的结果把握很小的情况下，会“拒绝发表评论”，而把这个任务留给有经验的医生去解决。\n",
    "\n",
    "废话说了一堆，不过，在回到 GMM 之前，我们再稍微扯几句。我们知道，不管是机器还是人，学习的过程都可以看作是一种“归纳”的过程，在归纳的时候你需要有一些假设的前提条件，例如，当你被告知水里游的那个家伙是鱼之后，你使用“在同样的地方生活的是同一种东西”这类似的假设，归纳出“在水里游的都是鱼”这样一个结论。当然这个过程是完全“本能”的，如果不仔细去想，你也不会了解自己是怎样“认识鱼”的。另一个值得注意的地方是这样的假设并不总是完全正确的，甚至可以说总是会有这样那样的缺陷的，因此你有可能会把虾、龟、甚至是潜水员当做鱼。也许你觉得可以通过修改前提假设来解决这个问题，例如，基于“生活在同样的地方并且穿着同样衣服的是同一种东西”这个假设，你得出结论：在水里有并且身上长有鳞片的是鱼。可是这样还是有问题，因为有些没有长鳞片的鱼现在又被你排除在外了。\n",
    "\n",
    "在这个问题上，机器学习面临着和人一样的问题，在机器学习中，一个学习算法也会有一个前提假设，这里被称作“归纳偏执 (bias)”（bias 这个英文词在机器学习和统计里还有其他许多的意思）。例如线性回归，目的是要找一个函数尽可能好地拟合给定的数据点，它的归纳偏执就是“满足要求的函数必须是线性函数”。一个没有归纳偏执的学习算法从某种意义上来说毫无用处，就像一个完全没有归纳能力的人一样，在第一次看到鱼的时候有人告诉他那是鱼，下次看到另一条鱼了，他并不知道那也是鱼，因为两条鱼总有一些地方不一样的，或者就算是同一条鱼，在河里不同的地方看到，或者只是看到的时间不一样，也会被他认为是不同的，因为他无法归纳，无法提取主要矛盾、忽略次要因素，只好要求所有的条件都完全一样──然而哲学家已经告诉过我们了：世界上不会有任何样东西是完全一样的，所以这个人即使是有无比强悍的记忆力，也绝学不到任何一点知识。\n",
    "\n",
    "这个问题在机器学习中称作“过拟合 (Overfitting)”，例如前面的回归的问题，如果去掉“线性函数”这个归纳偏执，因为对于 N 个点，我们总是可以构造一个 N-1 次多项式函数，让它完美地穿过所有的这 N 个点，或者如果我用任何大于 N-1 次的多项式函数的话，我甚至可以构造出无穷多个满足条件的函数出来。如果假定特定领域里的问题所给定的数据个数总是有个上限的话，我可以取一个足够大的 N ，从而得到一个（或者无穷多个）“超级函数”，能够 fit 这个领域内所有的问题。然而这个（或者这无穷多个）“超级函数”有用吗？只要我们注意到学习的目的（通常）不是解释现有的事物，而是从中归纳出知识，并能应用到新的事物上，结果就显而易见了。\n",
    "\n",
    "没有归纳偏执或者归纳偏执太宽泛会导致 Overfitting ，然而另一个极端──限制过大的归纳偏执也是有问题的：如果数据本身并不是线性的，强行用线性函数去做回归通常并不能得到好结果。难点正在于在这之间寻找一个平衡点。不过人在这里相对于（现在的）机器来说有一个很大的优势：人通常不会孤立地用某一个独立的系统和模型去处理问题，一个人每天都会从各个来源获取大量的信息，并且通过各种手段进行整合处理，归纳所得的所有知识最终得以统一地存储起来，并能有机地组合起来去解决特定的问题。这里的“有机”这个词很有意思，搞理论的人总能提出各种各样的模型，并且这些模型都有严格的理论基础保证能达到期望的目的，然而绝大多数模型都会有那么一些“参数”（例如 K-means 中的 k ），通常没有理论来说明参数取哪个值更好，而模型实际的效果却通常和参数是否取到最优值有很大的关系，我觉得，在这里“有机”不妨看作是所有模型的参数已经自动地取到了最优值。另外，虽然进展不大，但是人们也一直都期望在计算机领域也建立起一个统一的知识系统（例如语意网就是这样一个尝试）。"
   ]
  },
  {
   "cell_type": "code",
   "execution_count": 218,
   "metadata": {},
   "outputs": [
    {
     "name": "stdout",
     "output_type": "stream",
     "text": [
      "1.0\n"
     ]
    }
   ],
   "source": [
    "print(np.linalg.det(np.eye(3)))\n"
   ]
  },
  {
   "cell_type": "code",
   "execution_count": 49,
   "metadata": {},
   "outputs": [
    {
     "name": "stdout",
     "output_type": "stream",
     "text": [
      "(75, 4) (75, 4) (75,) (75,)\n",
      "{0: {'pi': array([0.82536018, 0.17463982]), 'mu': array([[6.52287126, 3.07037811, 5.54832577, 2.08188495],\n",
      "       [5.9437815 , 2.71718001, 5.19692111, 1.71258978]]), 'sigma': array([[[ 0.36095862,  0.05615942,  0.2432668 ,  0.03546897],\n",
      "        [ 0.05615942,  0.06906184,  0.05887008,  0.05427358],\n",
      "        [ 0.2432668 ,  0.05887008,  0.21734134,  0.04740138],\n",
      "        [ 0.03546897,  0.05427358,  0.04740138,  0.08054766]],\n",
      "\n",
      "       [[ 0.05357667, -0.00211986,  0.02835285, -0.05003927],\n",
      "        [-0.00211986,  0.00838199, -0.01653364,  0.00841736],\n",
      "        [ 0.02835285, -0.01653364,  0.05747275, -0.04601809],\n",
      "        [-0.05003927,  0.00841736, -0.04601809,  0.05772274]]])}, 1: {'pi': array([0.82536018, 0.17463982]), 'mu': array([[6.52287126, 3.07037811, 5.54832577, 2.08188495],\n",
      "       [5.9437815 , 2.71718001, 5.19692111, 1.71258978]]), 'sigma': array([[[ 0.36095862,  0.05615942,  0.2432668 ,  0.03546897],\n",
      "        [ 0.05615942,  0.06906184,  0.05887008,  0.05427358],\n",
      "        [ 0.2432668 ,  0.05887008,  0.21734134,  0.04740138],\n",
      "        [ 0.03546897,  0.05427358,  0.04740138,  0.08054766]],\n",
      "\n",
      "       [[ 0.05357667, -0.00211986,  0.02835285, -0.05003927],\n",
      "        [-0.00211986,  0.00838199, -0.01653364,  0.00841736],\n",
      "        [ 0.02835285, -0.01653364,  0.05747275, -0.04601809],\n",
      "        [-0.05003927,  0.00841736, -0.04601809,  0.05772274]]])}, 2: {'pi': array([0.82536018, 0.17463982]), 'mu': array([[6.52287126, 3.07037811, 5.54832577, 2.08188495],\n",
      "       [5.9437815 , 2.71718001, 5.19692111, 1.71258978]]), 'sigma': array([[[ 0.36095862,  0.05615942,  0.2432668 ,  0.03546897],\n",
      "        [ 0.05615942,  0.06906184,  0.05887008,  0.05427358],\n",
      "        [ 0.2432668 ,  0.05887008,  0.21734134,  0.04740138],\n",
      "        [ 0.03546897,  0.05427358,  0.04740138,  0.08054766]],\n",
      "\n",
      "       [[ 0.05357667, -0.00211986,  0.02835285, -0.05003927],\n",
      "        [-0.00211986,  0.00838199, -0.01653364,  0.00841736],\n",
      "        [ 0.02835285, -0.01653364,  0.05747275, -0.04601809],\n",
      "        [-0.05003927,  0.00841736, -0.04601809,  0.05772274]]])}}\n",
      "IRIS:Number of mislabeled points out of a total 75 points : 48, Acc: 36.000000%\n"
     ]
    }
   ],
   "source": [
    "class GMM:\n",
    "    def __init__(self):\n",
    "        self.model = None\n",
    "        self.k = 2\n",
    "        \n",
    "    def GMM_component(self, X, theta,param, k):#计算正态分布概率\n",
    "        #这里要判断sigma是否为奇异阵，如果是奇异阵那么需要添加一个正则项\n",
    "#         if(np.linalg.det(theta['sigma'][k])==0.0):\n",
    "#             theta['sigma'][k] = self.regularization\n",
    "            \n",
    "#         sign = X-theta['mu'][k]\n",
    "#         exponent = math.exp((-0.5*np.dot(sign.T,np.dot(np.linalg.inv(theta['sigma'][k]),sign))))\n",
    "#         pp = exponent/(((2*math.pi)**(param[\"dim\"]/2))*(np.linalg.det(theta['sigma'][k])**0.5))\n",
    "#         return theta['pi'][k]*pp\n",
    "\n",
    "        for i in range(param['dim']):\n",
    "            for j in range(param['dim']):\n",
    "                if np.isnan(theta['sigma'][k,i,j]):\n",
    "                    theta['sigma'][k,i,j] = 0\n",
    "        return theta['pi'][k]*multivariate_normal(theta['mu'][k], theta['sigma'][k,:,:],allow_singular=1,seed=1).pdf(X)\n",
    "        \n",
    "    def E_step(self, theta, param,X):#E步：更新隐变量概率分布q(Z)。这里的X是一个样本\n",
    "        q = np.zeros((param['k'],len(X)))\n",
    "        for i in range(param['k']):\n",
    "            for j in range(len(X)):\n",
    "                q[i,j] = self.GMM_component(X[j], theta ,param, i)\n",
    "            \n",
    "        q /= q.sum(axis=0)\n",
    "#         print(q)\n",
    "        return q\n",
    "\n",
    "    def M_step(self,X,q,theta,param):#M步：使用q(Z)更新GMM参数。\n",
    "        pi_temp = q.sum(axis=1); \n",
    "        pi_temp /= len(X) # 计算pi\n",
    "        mu_temp = q.dot(X); mu_temp /= q.sum(axis=1)[:, None] # 计算mu\n",
    "        sigma_temp = np.zeros((param['k'], param['dim'], param['dim']))\n",
    "        for i in range(param['k']):\n",
    "            ys = X - mu_temp[i, :]\n",
    "            sigma_temp[i] = np.sum(q[i, :, None, None]*np.matmul(ys[..., None], ys[:, None, :]), axis=0)\n",
    "        sigma_temp /= np.sum(q, axis=1)[:, None, None] # 计算sigma\n",
    "        theta['pi'] = pi_temp; theta['mu'] = mu_temp; theta['sigma'] = sigma_temp\n",
    "        return theta\n",
    "\n",
    "    def likelihood(self,X,theta,param):#计算GMM的对数似然。\n",
    "        ll = 0\n",
    "        for i in range(param['k']):\n",
    "            ll += self.GMM_component(X[0],theta,param,i)\n",
    "        ll = np.log(ll).sum()\n",
    "        return ll\n",
    "\n",
    "    def EM_GMM(self,X,theta,param,eps=1e-5,max_iter=1000):#eps: 计算精度; max_iter: 最大迭代次数\n",
    "        #print(X)#是一个由array构成的list\n",
    "        for i in range(max_iter):\n",
    "            ll_old = 0\n",
    "            q = self.E_step(theta, param,X)# E-step\n",
    "            theta = self.M_step(X, q, theta, param)# M-step\n",
    "            ll_new = self.likelihood(X, theta,param)\n",
    "            if np.abs(ll_new - ll_old) < eps:\n",
    "                break;\n",
    "            else:\n",
    "                ll_old = ll_new\n",
    "        ll_new = 1\n",
    "        return theta\n",
    "\n",
    "    # 分类别求出数学期望和标准差\n",
    "    def train(self, X, y):\n",
    "        theta = {}; param = {}\n",
    "        param['k'] = self.k; param['N'] = X.shape[0]; param['dim'] = X.shape[1]#这里的N是整个训练样本的样本数，在实际计算时取相同标签的样本数\n",
    "        theta['pi'] = np.ones(param['k'])/param['k']                 # 均匀初始化\n",
    "        theta['mu'] = np.random.random((param['k'],param['dim']))    # 随机初始化\n",
    "        theta['sigma'] = np.array([np.eye(param['dim'])]*param['k']) # 初始化为单位正定矩阵\n",
    "        self.regularization = np.dot(np.eye(param['dim']),0.001)\n",
    "#         print( self.regularization)\n",
    "        #print(theta)\n",
    "        \n",
    "        labels = list(set(y))#标签的列表\n",
    "        data = {label:[] for label in labels}#{0.0: [], 1.0: []}\n",
    "        for f, label in zip(X, y):\n",
    "            data[label].append(f)#print(data)#形成一个字典，根据标签将训练样本进行分类\n",
    "        #print(data)\n",
    "        \n",
    "        self.model = {label: self.EM_GMM(value,theta,param,eps=1e-5,max_iter=50) for label, value in data.items()}\n",
    "        print(self.model)\n",
    "        return self.model\n",
    "\n",
    "    # 计算概率\n",
    "    def calculate_probabilities(self, input_data):\n",
    "        probabilities = {}\n",
    "        pp = 0.0\n",
    "        dim = np.size(input_data)\n",
    "        for label, value in self.model.items():#value是一个字典，表示特定标签的模型参数\n",
    "#             print(value['pi'][1])\n",
    "            for i in range(self.k):\n",
    "                mu,sigma = value['mu'][i],value['sigma'][i]\n",
    "#                 sign = input_data-mu\n",
    "#                 exponent = math.exp((-0.5*np.dot(sign,np.dot(np.linalg.inv(sigma),sign.T))))\n",
    "#                 pp = exponent/(((2*math.pi)**(dim/2))*(np.linalg.det(sigma)**0.5))\n",
    "#                 for i in range(4):\n",
    "#                     for j in range(4):\n",
    "#                         if np.isnan(sigma[i,j]):\n",
    "#                             sigma[i,j] = 0\n",
    "                            \n",
    "                pp += multivariate_normal(mu,sigma,allow_singular=1,seed=1).pdf(input_data)*value['pi'][i]\n",
    "#                 pp = self.GMM_component(self,input_data,self.model[i]['theta'],self.model[i]['param'],i)\n",
    "#                 probabilities[label] += value['pi'][i]*pp\n",
    "            probabilities[label] = pp\n",
    "            pp = 0.0\n",
    "\n",
    "        return probabilities\n",
    "    \n",
    "    # 类别\n",
    "    def predict(self, X_test):\n",
    "        label = list(range(X_test.shape[0]))\n",
    "        for i in range(X_test.shape[0]):#每个样本迭代一次\n",
    "            label[i] = sorted(self.calculate_probabilities(X_test[i,:]).items(), key=lambda x: x[-1])[-1][0]\n",
    "        \n",
    "        return label\n",
    "    \n",
    "    def score(self, X_test, y_test):\n",
    "        right = 0\n",
    "        for X, y in zip(X_test, y_test):\n",
    "            label = self.predict(X)\n",
    "            if label == y:\n",
    "                right += 1\n",
    "\n",
    "        return right / float(len(X_test))\n",
    "    \n",
    "iris = datasets.load_iris()\n",
    "X=iris.data\n",
    "y=iris.target\n",
    "X_train, X_test, y_train, y_test = train_test_split(X, y, test_size=0.5, random_state=1)\n",
    "print(X_train.shape, X_test.shape, y_train.shape, y_test.shape)\n",
    "\n",
    "\n",
    "model = GMM()\n",
    "model.train(X_train, y_train)\n",
    "y_pred = model.predict(X_test)\n",
    "\n",
    "print(\"IRIS:Number of mislabeled points out of a total %d points : %d, Acc: %f%%\"\n",
    "      % (X_test.shape[0], (y_test != y_pred).sum(),100*(y_test == y_pred).sum()/X_test.shape[0]))\n"
   ]
  },
  {
   "cell_type": "code",
   "execution_count": 258,
   "metadata": {
    "scrolled": true
   },
   "outputs": [
    {
     "name": "stdout",
     "output_type": "stream",
     "text": [
      "(75, 4) (75, 4) (75,) (75,)\n",
      "(26, 4)\n",
      "(26, 4)\n",
      "(23, 4)\n",
      "[4 3 1 0]\n",
      "IRIS:Number of mislabeled points out of a total 75 points : 75, Acc: 0.000000%\n"
     ]
    }
   ],
   "source": [
    "class GaussianMixture:\n",
    "    def __init__(self, n_components: int = 1, covariance_type: str = 'full',\n",
    "                 tol: float = 0.001, reg_covar: float = 1e-06, max_iter: int = 100):\n",
    "        self.n_components = n_components#混合模型的个数\n",
    "        self.means_ = None\n",
    "        self.covariances_ = None\n",
    "        self.weights_ = None\n",
    "        self.reg_covar = reg_covar  # 该参数是为了防止出现奇异协方差矩阵\n",
    "        self.max_iter = max_iter\n",
    "\n",
    "    def EM_GMM(self, X_train):\n",
    "        # 获取一些必要的数据信息\n",
    "        n_samples, n_feature = X_train.shape\n",
    "        self.reg_covar = self.reg_covar * np.identity(n_feature)\n",
    "\n",
    "        # 初始化一些必要的参数：均值，协方差，权重\n",
    "        self.means_ = np.random.randint(X_train.min()/2, X_train.max()/2, size=(self.n_components, n_feature))\n",
    "        self.covariances_ = np.zeros((self.n_components, n_feature, n_feature))\n",
    "        for k in range(self.n_components):\n",
    "            np.fill_diagonal(self.covariances_[k], 1)\n",
    "        self.weights_ = np.ones(self.n_components) / self.n_components\n",
    "\n",
    "        P_mat = np.zeros((n_samples, self.n_components))  # 概率矩阵\n",
    "        for i in range(self.max_iter):# 分别对K各类概率\n",
    "            for k in range(self.n_components):\n",
    "                self.covariances_ += self.reg_covar  # 防止出现奇异协方差矩阵\n",
    "                g = multivariate_normal(mean=self.means_[k], cov=self.covariances_[k])\n",
    "                #### E-step，计算概率 ####\n",
    "                P_mat[:, k] = self.weights_[k] * g.pdf(X_train)  # 计算X在各分布下出现的频率\n",
    "            totol_N = P_mat.sum(axis=1)  # 计算各样本出现的总频率\n",
    "            totol_N[totol_N == 0] = self.n_components# 如果某一样本在各类中的出现频率和为0，则使用K来代替，相当于分配等概率\n",
    "            P_mat /= totol_N.reshape(-1, 1)\n",
    "           \n",
    "            #### M-step，更新参数 ####\n",
    "            for k in range(self.n_components):\n",
    "                N_k = np.sum(P_mat[:, k], axis=0)  # 类出现的频率\n",
    "                self.means_[k] = (1/N_k) * np.sum(X_train *P_mat[:, k].reshape(-1, 1), axis=0)  # 该类的新均值\n",
    "                self.covariances_[k]=(1/N_k)*np.dot((P_mat[:, k].reshape(-1, 1)* (X_train - self.means_[k])).T,\n",
    "                                                          (X_train - self.means_[k])) + self.reg_covar\n",
    "                self.weights_[k] = N_k / n_samples\n",
    "        \n",
    "        theta = {}\n",
    "        theta['pi'] = self.weights_\n",
    "        theta['mu'] = self.means_\n",
    "        theta['sigma'] = self.covariances_\n",
    "        return theta\n",
    "    def train(self, X, y):\n",
    "        self.model = []\n",
    "        labels = list(set(y))#标签的列表\n",
    "        self.lable_num = len(labels)\n",
    "        for n,label in enumerate(labels):\n",
    "            input_x = X[y==label]\n",
    "            print(input_x.shape)\n",
    "            self.model.append(self.EM_GMM(input_x))\n",
    "#         print(self.model)\n",
    "        print(self.model[0]['mu'][1])\n",
    "        \n",
    "        return self.model\n",
    "\n",
    "    # 计算概率\n",
    "    def calculate_probabilities(self, input_data):\n",
    "        p = []\n",
    "        for i in range(self.lable_num):\n",
    "            for j in range(self.n_components):\n",
    "                g = multivariate_normal(mean=self.model[i]['mu'][j], cov=self.model[i]['sigma'][j])\n",
    "            p.append( self.model[i]['pi'] * g.pdf(input_data))\n",
    "    \n",
    "        return p#输出一个数组，表示每一类的概率\n",
    "    \n",
    "    # 类别\n",
    "    def predict(self, X_test):\n",
    "        label = list(range(X_test.shape[0]))\n",
    "        for i in range(X_test.shape[0]):#每个样本迭代一次\n",
    "            label[i] = np.argmax(self.calculate_probabilities(X_test[i]))\n",
    "        \n",
    "        return label\n",
    "    \n",
    "    \n",
    "iris = datasets.load_iris()\n",
    "X=iris.data\n",
    "y=iris.target\n",
    "X_train, X_test, y_train, y_test = train_test_split(X, y, test_size=0.5, random_state=1)\n",
    "print(X_train.shape, X_test.shape, y_train.shape, y_test.shape)\n",
    "\n",
    "\n",
    "model = GaussianMixture(n_components=2)\n",
    "model.train(X_train, y_train)\n",
    "y_pred = model.predict(X_test)\n",
    "\n",
    "print(\"IRIS:Number of mislabeled points out of a total %d points : %d, Acc: %f%%\"\n",
    "      % (X_test.shape[0], (y_test != y_pred).sum(),100*(y_test == y_pred).sum()/X_test.shape[0]))"
   ]
  },
  {
   "cell_type": "markdown",
   "metadata": {
    "collapsed": true
   },
   "source": [
    "### 利用sk-learn mixture gaussion进行拟合"
   ]
  },
  {
   "cell_type": "code",
   "execution_count": 77,
   "metadata": {},
   "outputs": [
    {
     "name": "stdout",
     "output_type": "stream",
     "text": [
      "(75, 4) (75, 4) (75,) (75,)\n",
      "26 26 23\n",
      "{'pi': array([0.42600661, 0.45860897, 0.11538442]), 'mu': array([[4.66661999, 2.9854718 , 1.41880543, 0.19070452],\n",
      "       [5.01615054, 3.4663702 , 1.51671653, 0.28411375],\n",
      "       [5.43333339, 4.0666673 , 1.5       , 0.23333339]]), 'sigma': array([[[ 5.62311637e-02,  1.78961292e-02,  2.63918295e-02,\n",
      "         -3.63702195e-04],\n",
      "        [ 1.78961292e-02,  5.39449955e-02,  1.14305277e-02,\n",
      "         -7.54347169e-03],\n",
      "        [ 2.63918295e-02,  1.14305277e-02,  1.97317448e-02,\n",
      "          1.08273582e-03],\n",
      "        [-3.63702195e-04, -7.54347169e-03,  1.08273582e-03,\n",
      "          2.64982039e-03]],\n",
      "\n",
      "       [[ 3.63186169e-02, -5.17262393e-03,  1.80012039e-02,\n",
      "          3.64864557e-03],\n",
      "        [-5.17262393e-03,  1.39834255e-02, -1.19618698e-02,\n",
      "         -1.31609642e-03],\n",
      "        [ 1.80012039e-02, -1.19618698e-02,  4.48780567e-02,\n",
      "          9.46690448e-03],\n",
      "        [ 3.64864557e-03, -1.31609642e-03,  9.46690448e-03,\n",
      "          2.14153860e-02]],\n",
      "\n",
      "       [[ 4.22232930e-02,  3.11111436e-02,  4.24013466e-30,\n",
      "          2.55555976e-02],\n",
      "        [ 3.11111436e-02,  8.22231323e-02,  3.08971053e-30,\n",
      "          2.11111264e-02],\n",
      "        [ 4.24013466e-30,  3.08971053e-30,  1.00000000e-06,\n",
      "          1.97215566e-31],\n",
      "        [ 2.55555976e-02,  2.11111264e-02,  1.97215566e-31,\n",
      "          1.55565804e-02]]])}\n",
      "{'pi': array([0.30199742, 0.30767548, 0.3903271 ]), 'mu': array([[6.00715131, 2.73408431, 4.26214423, 1.31203293],\n",
      "       [6.46248526, 2.93749305, 4.82500543, 1.51250142],\n",
      "       [5.47225414, 2.50613221, 3.6691117 , 1.12318576]]), 'sigma': array([[[ 0.07781574, -0.04080621,  0.02952773,  0.0101728 ],\n",
      "        [-0.04080621,  0.08833286, -0.03044359, -0.00571526],\n",
      "        [ 0.02952773, -0.03044359,  0.01763638,  0.01071437],\n",
      "        [ 0.0101728 , -0.00571526,  0.01071437,  0.02136637]],\n",
      "\n",
      "       [[ 0.16734965,  0.03140605, -0.01906193, -0.03328249],\n",
      "        [ 0.03140605,  0.05734623, -0.01718743,  0.00578164],\n",
      "        [-0.01906193, -0.01718743,  0.01687645,  0.00593781],\n",
      "        [-0.03328249,  0.00578164,  0.00593781,  0.01609555]],\n",
      "\n",
      "       [[ 0.14310791,  0.07491622,  0.07798979,  0.0337507 ],\n",
      "        [ 0.07491622,  0.06364958,  0.03133318,  0.02500956],\n",
      "        [ 0.07798979,  0.03133318,  0.06710905,  0.02635027],\n",
      "        [ 0.0337507 ,  0.02500956,  0.02635027,  0.01811635]]])}\n",
      "{'pi': array([0.3807287 , 0.40188403, 0.21738727]), 'mu': array([[6.44398998, 2.94240726, 5.3633648 , 1.93734701],\n",
      "       [6.84515804, 3.21684016, 5.89990387, 2.17835759],\n",
      "       [5.59999443, 2.73999517, 4.93999703, 1.86000111]]), 'sigma': array([[[ 3.22182813e-02,  2.20264952e-02, -3.06377484e-03,\n",
      "          5.11505915e-02],\n",
      "        [ 2.20264952e-02,  3.66352624e-02,  1.71507066e-04,\n",
      "          4.79311454e-02],\n",
      "        [-3.06377484e-03,  1.71507066e-04,  3.15767924e-02,\n",
      "         -2.86366079e-03],\n",
      "        [ 5.11505915e-02,  4.79311454e-02, -2.86366079e-03,\n",
      "          1.13637172e-01]],\n",
      "\n",
      "       [[ 2.37928982e-01, -6.41475542e-02,  1.27008139e-01,\n",
      "         -6.89865310e-02],\n",
      "        [-6.41475542e-02,  5.46932562e-02, -2.94210051e-02,\n",
      "          5.20585196e-02],\n",
      "        [ 1.27008139e-01, -2.94210051e-02,  1.09464678e-01,\n",
      "         -3.15560339e-03],\n",
      "        [-6.89865310e-02,  5.20585196e-02, -3.15560339e-03,\n",
      "          8.07620890e-02]],\n",
      "\n",
      "       [[ 1.32001780e-01,  4.59994061e-02,  8.40006686e-02,\n",
      "          2.20007427e-02],\n",
      "        [ 4.59994061e-02,  2.64002352e-02,  2.63997179e-02,\n",
      "          5.60039362e-03],\n",
      "        [ 8.40006686e-02,  2.63997179e-02,  5.44015348e-02,\n",
      "          1.36004308e-02],\n",
      "        [ 2.20007427e-02,  5.60039362e-03,  1.36004308e-02,\n",
      "          1.04011263e-02]]])}\n",
      "{0: {'pi': array([0.42600661, 0.45860897, 0.11538442]), 'mu': array([[4.66661999, 2.9854718 , 1.41880543, 0.19070452],\n",
      "       [5.01615054, 3.4663702 , 1.51671653, 0.28411375],\n",
      "       [5.43333339, 4.0666673 , 1.5       , 0.23333339]]), 'sigma': array([[[ 5.62311637e-02,  1.78961292e-02,  2.63918295e-02,\n",
      "         -3.63702195e-04],\n",
      "        [ 1.78961292e-02,  5.39449955e-02,  1.14305277e-02,\n",
      "         -7.54347169e-03],\n",
      "        [ 2.63918295e-02,  1.14305277e-02,  1.97317448e-02,\n",
      "          1.08273582e-03],\n",
      "        [-3.63702195e-04, -7.54347169e-03,  1.08273582e-03,\n",
      "          2.64982039e-03]],\n",
      "\n",
      "       [[ 3.63186169e-02, -5.17262393e-03,  1.80012039e-02,\n",
      "          3.64864557e-03],\n",
      "        [-5.17262393e-03,  1.39834255e-02, -1.19618698e-02,\n",
      "         -1.31609642e-03],\n",
      "        [ 1.80012039e-02, -1.19618698e-02,  4.48780567e-02,\n",
      "          9.46690448e-03],\n",
      "        [ 3.64864557e-03, -1.31609642e-03,  9.46690448e-03,\n",
      "          2.14153860e-02]],\n",
      "\n",
      "       [[ 4.22232930e-02,  3.11111436e-02,  4.24013466e-30,\n",
      "          2.55555976e-02],\n",
      "        [ 3.11111436e-02,  8.22231323e-02,  3.08971053e-30,\n",
      "          2.11111264e-02],\n",
      "        [ 4.24013466e-30,  3.08971053e-30,  1.00000000e-06,\n",
      "          1.97215566e-31],\n",
      "        [ 2.55555976e-02,  2.11111264e-02,  1.97215566e-31,\n",
      "          1.55565804e-02]]])}, 1: {'pi': array([0.30199742, 0.30767548, 0.3903271 ]), 'mu': array([[6.00715131, 2.73408431, 4.26214423, 1.31203293],\n",
      "       [6.46248526, 2.93749305, 4.82500543, 1.51250142],\n",
      "       [5.47225414, 2.50613221, 3.6691117 , 1.12318576]]), 'sigma': array([[[ 0.07781574, -0.04080621,  0.02952773,  0.0101728 ],\n",
      "        [-0.04080621,  0.08833286, -0.03044359, -0.00571526],\n",
      "        [ 0.02952773, -0.03044359,  0.01763638,  0.01071437],\n",
      "        [ 0.0101728 , -0.00571526,  0.01071437,  0.02136637]],\n",
      "\n",
      "       [[ 0.16734965,  0.03140605, -0.01906193, -0.03328249],\n",
      "        [ 0.03140605,  0.05734623, -0.01718743,  0.00578164],\n",
      "        [-0.01906193, -0.01718743,  0.01687645,  0.00593781],\n",
      "        [-0.03328249,  0.00578164,  0.00593781,  0.01609555]],\n",
      "\n",
      "       [[ 0.14310791,  0.07491622,  0.07798979,  0.0337507 ],\n",
      "        [ 0.07491622,  0.06364958,  0.03133318,  0.02500956],\n",
      "        [ 0.07798979,  0.03133318,  0.06710905,  0.02635027],\n",
      "        [ 0.0337507 ,  0.02500956,  0.02635027,  0.01811635]]])}, 2: {'pi': array([0.3807287 , 0.40188403, 0.21738727]), 'mu': array([[6.44398998, 2.94240726, 5.3633648 , 1.93734701],\n",
      "       [6.84515804, 3.21684016, 5.89990387, 2.17835759],\n",
      "       [5.59999443, 2.73999517, 4.93999703, 1.86000111]]), 'sigma': array([[[ 3.22182813e-02,  2.20264952e-02, -3.06377484e-03,\n",
      "          5.11505915e-02],\n",
      "        [ 2.20264952e-02,  3.66352624e-02,  1.71507066e-04,\n",
      "          4.79311454e-02],\n",
      "        [-3.06377484e-03,  1.71507066e-04,  3.15767924e-02,\n",
      "         -2.86366079e-03],\n",
      "        [ 5.11505915e-02,  4.79311454e-02, -2.86366079e-03,\n",
      "          1.13637172e-01]],\n",
      "\n",
      "       [[ 2.37928982e-01, -6.41475542e-02,  1.27008139e-01,\n",
      "         -6.89865310e-02],\n",
      "        [-6.41475542e-02,  5.46932562e-02, -2.94210051e-02,\n",
      "          5.20585196e-02],\n",
      "        [ 1.27008139e-01, -2.94210051e-02,  1.09464678e-01,\n",
      "         -3.15560339e-03],\n",
      "        [-6.89865310e-02,  5.20585196e-02, -3.15560339e-03,\n",
      "          8.07620890e-02]],\n",
      "\n",
      "       [[ 1.32001780e-01,  4.59994061e-02,  8.40006686e-02,\n",
      "          2.20007427e-02],\n",
      "        [ 4.59994061e-02,  2.64002352e-02,  2.63997179e-02,\n",
      "          5.60039362e-03],\n",
      "        [ 8.40006686e-02,  2.63997179e-02,  5.44015348e-02,\n",
      "          1.36004308e-02],\n",
      "        [ 2.20007427e-02,  5.60039362e-03,  1.36004308e-02,\n",
      "          1.04011263e-02]]])}}\n",
      "{0: 2.2326505826610959e-10, 1: 2.5534398781114297e-70, 2: 8.702827433780508e-98}\n",
      "{0: 2.790284160597925e-22, 1: 1.4449719544061642e-05, 2: 1.0485488648101938e-41}\n",
      "{0: 2.0406633367125824e-45, 1: 0.2986585413022661, 2: 8.636290289688747e-11}\n",
      "{0: 0.00023202544272884446, 1: 1.1528805884794276e-54, 2: 1.519801685366165e-83}\n",
      "{0: 1.2312233816479128e-178, 1: 1.6826069947124006e-46, 2: 1.3335883895132811e-11}\n",
      "{0: 2.0657959902893017e-61, 1: 2.2981628395374365, 2: 0.0001317904148307967}\n",
      "{0: 3.280838832552326e-86, 1: 2.1680391478606734e-27, 2: 0.03744237988703252}\n",
      "{0: 0.0006200879993200895, 1: 1.804784501555336e-59, 2: 7.572499614421782e-54}\n",
      "{0: 9.40163184383284, 1: 3.1648293865415844e-44, 2: 9.006381088296982e-57}\n",
      "{0: 4.0429775605640725e-111, 1: 1.1913530548516525e-22, 2: 0.030801518518772452}\n",
      "{0: 2.0656978013237894e-38, 1: 3.9200012133815036, 2: 6.423633470107466e-11}\n",
      "{0: 4.982233784206114e-05, 1: 7.14432349965677e-54, 2: 5.617745144286508e-66}\n",
      "{0: 1.2434072469784401e-110, 1: 3.90793408379117e-20, 2: 0.3032561335152198}\n",
      "{0: 1.594285806809077e-51, 1: 0.24487516665961717, 2: 1.4742556481316724e-07}\n",
      "{0: 2.4200259943683923e-47, 1: 0.010884761749524175, 2: 3.5960636507559433e-07}\n",
      "{0: 3.535415066370832, 1: 1.2512987121208066e-45, 2: 1.5926461138474732e-63}\n",
      "{0: 2.3910686780391291e-32, 1: 7.181300238993796, 2: 5.4566121669285013e-17}\n",
      "{0: 1.0790903297174862e-50, 1: 0.0013341348116011913, 2: 1.2627551997249096e-05}\n",
      "{0: 0.8601344511418958, 1: 5.384101456455852e-40, 2: 8.472546607277422e-78}\n",
      "{0: 0.02037522311718133, 1: 9.404922041878145e-45, 2: 6.596046221928164e-82}\n",
      "{0: 2.4698141224092897e-44, 1: 2.3640600572329506e-09, 2: 1.66918275040247e-09}\n",
      "{0: 8.861977574064625e-53, 1: 9.778484548037343e-05, 2: 3.25347951929633e-06}\n",
      "{0: 1.5275577677838726e-67, 1: 0.18722143368627522, 2: 0.0009465658328890167}\n",
      "{0: 10.60744122011376, 1: 2.3770163960930743e-46, 2: 4.5570374898015056e-74}\n",
      "{0: 9.534137643545308e-118, 1: 7.880360014910995e-33, 2: 0.07210232596554568}\n",
      "{0: 4.6537341691047525e-35, 1: 0.369289667047202, 2: 1.1059841034613263e-11}\n",
      "{0: 7.016358196620286e-12, 1: 3.7676350230911405e-84, 2: 2.326956529981484e-83}\n",
      "{0: 0.12194438453767781, 1: 3.677701437292538e-59, 2: 5.035061743643138e-67}\n",
      "{0: 6.730517557906373e-50, 1: 0.00012598768610523134, 2: 0.00019711195787814207}\n",
      "{0: 4.949068301083214e-67, 1: 4.805321348581123e-10, 2: 0.0034094551046895513}\n",
      "{0: 4.2081412808355314e-50, 1: 0.17031087390564767, 2: 2.8092174474093896e-05}\n",
      "{0: 1.0278818073684806e-128, 1: 2.949865558451302e-32, 2: 1.6761589617245615e-07}\n",
      "{0: 1.5510876847050412e-31, 1: 1.5890106697780837, 2: 2.5328404116654247e-18}\n",
      "{0: 2.571548742117221e-93, 1: 1.2998566620694833e-13, 2: 0.6288896373120444}\n",
      "{0: 4.700414859899368e-86, 1: 2.599873298012885e-24, 2: 2.381455155106007e-13}\n",
      "{0: 0.31659616247716726, 1: 9.305417471468372e-59, 2: 2.8217539191852193e-70}\n",
      "{0: 8.552585137267936e-40, 1: 0.13198084818014652, 2: 1.1289607311254547e-24}\n",
      "{0: 4.7820650754333505, 1: 5.544484719715508e-47, 2: 1.382383920671987e-73}\n",
      "{0: 9.834266756748322e-50, 1: 0.04012948284877734, 2: 3.3353358604287525e-05}\n",
      "{0: 9.938995899267347e-93, 1: 1.1087287830642255e-15, 2: 0.00029207170854883536}\n",
      "{0: 6.398765731072325e-93, 1: 6.9223358148701254e-15, 2: 0.08039179894926002}\n",
      "{0: 13.667455027022472, 1: 3.234047839762118e-45, 2: 1.1405725716505884e-71}\n",
      "{0: 9.551791701955452e-65, 1: 0.05142980622689012, 2: 2.4732589307701054e-06}\n",
      "{0: 2.311774862616994e-90, 1: 2.183061111944899e-11, 2: 3.9863431773344367}\n",
      "{0: 6.343582232577998e-49, 1: 0.7103026836167627, 2: 2.697890047649496e-08}\n",
      "{0: 7.335887208793498e-156, 1: 1.1701735321489627e-45, 2: 2.926814643791051e-05}\n",
      "{0: 1.9693926275280513e-05, 1: 4.7767577577585645e-53, 2: 1.6086977561632691e-71}\n",
      "{0: 10.1263567599095, 1: 6.953789722439591e-57, 2: 3.4933656577886016e-68}\n",
      "{0: 0.03124511108588616, 1: 3.906768482388791e-33, 2: 1.1256094605050453e-72}\n"
     ]
    },
    {
     "name": "stdout",
     "output_type": "stream",
     "text": [
      "{0: 4.139606786424737e-36, 1: 0.0032120552204899146, 2: 2.5604824975578484e-15}\n",
      "{0: 13.500892358738126, 1: 4.666684442111552e-47, 2: 1.113012727038799e-66}\n",
      "{0: 0.04690025034417189, 1: 8.104494344602104e-53, 2: 6.679427801943986e-86}\n",
      "{0: 2.3267458981056727e-196, 1: 6.514866822543338e-62, 2: 1.4753009851381648e-13}\n",
      "{0: 7.554623474113582e-92, 1: 2.3256189990200273e-14, 2: 0.0029599930702042085}\n",
      "{0: 2.161771274510929e-123, 1: 2.8217134593065133e-37, 2: 0.17173998217352712}\n",
      "{0: 1.803199000016402e-95, 1: 8.34231469673553e-17, 2: 0.15460035050724158}\n",
      "{0: 9.895600206903195e-60, 1: 0.00019981372778766132, 2: 0.0055819407080437205}\n",
      "{0: 1.6765791584287134e-57, 1: 0.029077109250636706, 2: 1.2587710136801488e-05}\n",
      "{0: 5.769834565106905e-146, 1: 2.17719094539772e-38, 2: 0.13490783171333606}\n",
      "{0: 1.0163190806492803e-37, 1: 0.01793154282285602, 2: 1.40787670529274e-08}\n",
      "{0: 8.200829037075408, 1: 4.613418089165687e-53, 2: 1.8445816473282936e-57}\n",
      "{0: 8.369682863251996e-73, 1: 3.355478867063952e-09, 2: 2.2149528120015103e-13}\n",
      "{0: 3.866473802972752e-62, 1: 0.00010836800597991173, 2: 0.09366780360294166}\n",
      "{0: 3.059486664951011, 1: 1.1178876819603642e-40, 2: 2.0766762103863382e-68}\n",
      "{0: 0.7634699868233873, 1: 1.8809095568430006e-42, 2: 2.651764254367187e-69}\n",
      "{0: 1.601903685312657e-107, 1: 3.458628074973406e-21, 2: 0.8628484130072356}\n",
      "{0: 1.0607871716222141, 1: 7.78122465934982e-46, 2: 4.7254716359543125e-62}\n",
      "{0: 1.8785743175408783e-65, 1: 0.3447300210192595, 2: 0.001925519906294056}\n",
      "{0: 7.197871623357421e-80, 1: 4.418167371176822e-06, 2: 0.7253993693104288}\n",
      "{0: 1.7827976914856151e-47, 1: 0.12141833920456188, 2: 8.966332696242365e-13}\n",
      "{0: 3.003206725423078e-46, 1: 3.510925128952413e-05, 2: 6.757558766358151e-07}\n",
      "{0: 3.9080489310474374e-119, 1: 2.8081055643204064e-31, 2: 0.34131121210715537}\n",
      "{0: 1.9030343258073497e-62, 1: 0.10044800164239864, 2: 0.00016790667059688027}\n",
      "{0: 0.03265211792523648, 1: 1.808340284435505e-71, 2: 5.353636080390227e-64}\n",
      "{0: 2.4731781062881704e-37, 1: 0.003521418029453186, 2: 7.889864054791979e-16}\n",
      "[0, 1, 1, 0, 2, 1, 2, 0, 0, 2, 1, 0, 2, 1, 1, 0, 1, 1, 0, 0, 1, 1, 1, 0, 2, 1, 0, 0, 2, 2, 1, 2, 1, 2, 2, 0, 1, 0, 1, 2, 2, 0, 1, 2, 1, 2, 0, 0, 0, 1, 0, 0, 2, 2, 2, 2, 2, 1, 2, 1, 0, 1, 2, 0, 0, 2, 0, 1, 2, 1, 1, 2, 1, 0, 1]\n",
      "IRIS:Number of mislabeled points out of a total 75 points : 5, Acc: 93.333333%\n"
     ]
    }
   ],
   "source": [
    "class GMM:\n",
    "    def __init__(self):\n",
    "        self.model = {}\n",
    "        self.k = 3\n",
    "        \n",
    "    def EM_GMM(self,X,theta,param,eps=1e-5,max_iter=1000):#eps: 计算精度; max_iter: 最大迭代次数\n",
    "#         print(len(X))#是一个由array构成的list\n",
    "#         print(X)\n",
    "        dpgmm = BayesianGaussianMixture(n_components=param['k']).fit(X)\n",
    "        theta['pi'] = dpgmm.weights_\n",
    "        theta['mu'] = dpgmm.means_\n",
    "        theta['sigma'] = dpgmm.covariances_\n",
    "#         print(theta)\n",
    "        return theta \n",
    "\n",
    "    # 分类别求出数学期望和标准差\n",
    "    def train(self, X, y):\n",
    "        theta = {}; param = {}\n",
    "        param['k'] = self.k; param['N'] = X.shape[0]; param['dim'] = X.shape[1]#这里的N是整个训练样本的样本数，在实际计算时取相同标签的样本数\n",
    "        theta['pi'] = np.ones(param['k'])/param['k']                 # 均匀初始化\n",
    "        theta['mu'] = np.random.random((param['k'],param['dim']))    # 随机初始化\n",
    "        theta['sigma'] = np.array([np.eye(param['dim'])]*param['k']) # 初始化为单位正定矩阵\n",
    "        self.regularization = np.dot(np.eye(param['dim']),0.001)\n",
    "  \n",
    "        labels = list(set(y))#标签的列表\n",
    "        data = {label:[] for label in labels}#{0.0: [], 1.0: []}\n",
    "        for f, label in zip(X, y):\n",
    "            data[label].append(f)#print(data)#形成一个字典，根据标签将训练样本进行分类\n",
    "#         print(data)\n",
    "        print(len(data[0]),len(data[1]),len(data[2]))\n",
    "        \n",
    "        self.model = {label:{} for label in range(3)}\n",
    "        \n",
    "        dpgmm0 = GaussianMixture(3).fit(data[0])\n",
    "        self.model[0]['pi'] = dpgmm0.weights_\n",
    "        self.model[0]['mu'] = dpgmm0.means_\n",
    "        self.model[0]['sigma'] = dpgmm0.covariances_\n",
    "        print(self.model[0])\n",
    "        \n",
    "        dpgmm1 = GaussianMixture(3).fit(data[1])\n",
    "        self.model[1]['pi'] = dpgmm1.weights_\n",
    "        self.model[1]['mu'] = dpgmm1.means_\n",
    "        self.model[1]['sigma'] = dpgmm1.covariances_\n",
    "        print(self.model[1])\n",
    "        \n",
    "        dpgmm2 = GaussianMixture(3).fit(data[2])\n",
    "        self.model[2]['pi'] = dpgmm2.weights_\n",
    "        self.model[2]['mu'] = dpgmm2.means_\n",
    "        self.model[2]['sigma'] = dpgmm2.covariances_\n",
    "        print(self.model[2])\n",
    "        \n",
    "#         self.model = {label: self.EM_GMM(value,theta,param,eps=1e-5,max_iter=50) for label, value in data.items()}\n",
    "        print(self.model)\n",
    "        return self.model\n",
    "\n",
    "    # 计算概率\n",
    "    def calculate_probabilities(self, input_data):\n",
    "        probabilities = {}\n",
    "        dim = np.size(input_data)\n",
    "        \n",
    "        for label, value in self.model.items():#value是一个字典，表示特定标签的模型参数\n",
    "            pp = 0.0\n",
    "            for i in range(self.k):\n",
    "                mu,sigma = value['mu'][i],value['sigma'][i]\n",
    "                pp += multivariate_normal(mu,sigma).pdf(input_data)*value['pi'][i]\n",
    "#                 pp = self.GMM_component(self,input_data,self.model[i]['theta'],self.model[i]['param'],i)\n",
    "#                 probabilities[label] += value['pi'][i]*pp\n",
    "            probabilities[label] = pp\n",
    "            \n",
    "        print(probabilities)\n",
    "        return probabilities\n",
    "    \n",
    "    # 类别\n",
    "    def predict(self, X_test):\n",
    "        label = list(range(X_test.shape[0]))\n",
    "        for i in range(X_test.shape[0]):#每个样本迭代一次\n",
    "            label[i] = sorted(self.calculate_probabilities(X_test[i,:]).items(), key=lambda x: x[-1])[-1][0]\n",
    "        \n",
    "        return label\n",
    "    \n",
    "iris = datasets.load_iris()\n",
    "X=iris.data\n",
    "y=iris.target\n",
    "X_train, X_test, y_train, y_test = train_test_split(X, y, test_size=0.5, random_state=1)\n",
    "print(X_train.shape, X_test.shape, y_train.shape, y_test.shape)\n",
    "\n",
    "\n",
    "model = GMM()\n",
    "model.train(X_train, y_train)\n",
    "y_pred = model.predict(X_test)\n",
    "print(y_pred)\n",
    "print(\"IRIS:Number of mislabeled points out of a total %d points : %d, Acc: %f%%\"\n",
    "      % (X_test.shape[0], (y_test != y_pred).sum(),100*(y_test == y_pred).sum()/X_test.shape[0]))"
   ]
  },
  {
   "cell_type": "code",
   "execution_count": 74,
   "metadata": {},
   "outputs": [
    {
     "name": "stdout",
     "output_type": "stream",
     "text": [
      "26 26 23\n",
      "{0: {}, 1: {}, 2: {}}\n",
      "{'pi': array([0.42499098, 0.07692308, 0.49808594]), 'mu': array([[4.66602119, 2.98496632, 1.41853502, 0.19074485],\n",
      "       [5.45      , 4.25      , 1.5       , 0.25      ],\n",
      "       [5.04558895, 3.4838614 , 1.51545678, 0.27739375]]), 'sigma': array([[[ 5.59614221e-02,  1.77394753e-02,  2.62944902e-02,\n",
      "         -3.55518751e-04],\n",
      "        [ 1.77394753e-02,  5.39295297e-02,  1.13798584e-02,\n",
      "         -7.55719928e-03],\n",
      "        [ 2.62944902e-02,  1.13798584e-02,  1.97193654e-02,\n",
      "          1.08753440e-03],\n",
      "        [-3.55518751e-04, -7.55719928e-03,  1.08753440e-03,\n",
      "          2.65085034e-03]],\n",
      "\n",
      "       [[ 6.25010000e-02,  3.75000000e-02,  1.10440527e-29,\n",
      "          3.75000000e-02],\n",
      "        [ 3.75000000e-02,  2.25010000e-02,  7.24765957e-30,\n",
      "          2.25000000e-02],\n",
      "        [ 1.10440527e-29,  7.24765957e-30,  1.00000000e-06,\n",
      "          4.68386162e-31],\n",
      "        [ 3.75000000e-02,  2.25000000e-02,  4.68386162e-31,\n",
      "          2.25010000e-02]],\n",
      "\n",
